     0      0
     0      0
     0      4
     0     12
     0     28
     0     60
     0    124
     0    251
     0    502
     0    977
     0   1781
  1024   1207
  1024    671
  1026    129
  1024  15983
  1024  15447
  1026  14905
  1024   4424
  1024   3888
  1026   3346
  1024   2816
  1024   2280
  1026   1738
  1026   1738
  1026   1738
  1026   1738
  1026   1738
  1026   1738
  1026   1738
  1026   1738
  1026   1738
  1026   1738
  1026   1738
  1026   1738
  1026   1738
  1026   1738
  1026   1738
  1026   1738
  1026   1738
  1026   1738
  1026   1738
  1026   1738
  1026   1738
  1026   1738
  1026   1738
  1026   1738
  1026   1738
  1026   1738
  1026   1738
  1026   1738
  1026   1738
  1026   1738
  1026   1738
  1026   1738
  1026   1738
  1026   1738
  1026   1738
  1026   1738
  1026   1738
  1026   1738
  1026   1738
  1026   1738
  1026   1738
  1026   1738
  1026   1738
  1026   1738
  1026   1738
  1026   1738
  1026   1738
  1026   1738
  1026   1738
  1026   1738
  1026   1738
  1026   1738
  1026   1738
  1026   1738
  1026   1738
  1026   1738
  1026   1738
  1026   1738
  1026   1738
  1026   1738
  1026   1738
  1026   1738
  1026   1738
  1026   1738
  1026   1738
  1026   1738
  1026   1738
  1026   1738
