16384
34717
17855
-1012
11585
23736
3551
-15452
-1
17316
3551
-9032
11585
31756
17855
1949
16383
28324
5315
-19217
-11586
-3509
-26723
-47591
-32769
-14823
-26723
-36277
-11586
13551
5315
-4444
16383
34717
17855
-1012
11585
23736
3551
-15452
-1
17316
3551
-9032
11585
31756
17855
1949
16383
28324
5315
-19217
-11586
-3509
-26723
-47591
-32769
-14823
-26723
-36277
-11586
13551
5315
-4444
16383
34717
17855
-1012
11585
23736
3551
-15452
-1
17316
3551
-9032
11585
31756
17855
1949
16383
28324
5315
-19217
-11586
-3509
-26723
-47591
-32769
-14823
-26723
-36277
-11586
13551
5315
-4444
16383
34717
17855
-1012
11585
0
0
0
0
0
0
0
0
0
0
0
0
0
0
0
0
0
0
0
0
0
0
0
0
