65536
138868
71420
-4047
46340
94947
14206
-61807
-1
69265
14206
-36125
46340
127025
71420
7796
65535
113297
21261
-76867
-46341
-14035
-106889
-190361
-131073
-59289
-106889
-145107
-46341
54205
21261
-17775
65535
138868
71420
-4047
46340
94947
14206
-61807
-1
69265
14206
-36125
46340
127025
71420
7796
65535
113297
21261
-76867
-46341
-14035
-106889
-190361
-131073
-59289
-106889
-145107
-46341
54205
21261
-17775
65535
138868
71420
-4047
46340
94947
14206
-61807
-1
69265
14206
-36125
46340
127025
71420
7796
65535
113297
21261
-76867
-46341
-14035
-106889
-190361
-131073
-59289
-106889
-145107
-46341
54205
21261
-17775
65535
138868
71420
-4047
46340
0
0
0
0
0
0
0
0
0
0
0
0
0
0
0
0
0
0
0
0
0
0
0
0
